=== Static Version ===
For A:
  1   7  14   0
  9   4  18  18
  2   4   5   5
  1   7   1  11

For B:
 15   2   7  16
 11   4   2  13
 12   2   1  16
 18  15   7   6

For C:
260  58  35 331
719 340 215 592
224 105  62 194
302 197  99 189

=== Dynamic Version ===
For dynamic A:
 11  18   9  12
  7  19  15  14
  3  11   2  13
 13   4   1  11

For dynamic B:
 13   8   7   4
  2  17  17  19
  3   1   9  18
 16  15  10   2

For dynamic C:
398 583 584 572
398 604 647 687
275 408 356 283
356 338 278 168

Press any key to continue . . .